0
0.427555
-0.77301
0.970031
-0.980785
0.803208
-0.471397
0.0490677
0.382683
-0.740951
0.95694
-0.989177
0.83147
-0.514103
0.0980171
0.33689
-0.707107
0.941544
-0.995185
0.857729
-0.55557
0.14673
0.290285
-0.671559
0.92388
-0.998795
0.881921
-0.595699
0.19509
0.24298
-0.634393
0.903989
-1
0.903989
-0.634393
0.24298
0.19509
-0.595699
0.881921
-0.998795
0.92388
-0.671559
0.290285
0.14673
-0.55557
0.857729
-0.995185
0.941544
-0.707107
0.33689
0.0980171
-0.514103
0.83147
-0.989177
0.95694
-0.740951
0.382683
0.0490677
-0.471397
0.803208
-0.980785
0.970031
-0.77301
0.427555
0
-0.427555
0.77301
-0.970031
0.980785
-0.803208
0.471397
-0.0490677
-0.382683
0.740951
-0.95694
0.989177
-0.83147
0.514103
-0.0980171
-0.33689
0.707107
-0.941544
0.995185
-0.857729
0.55557
-0.14673
-0.290285
0.671559
-0.92388
0.998795
-0.881921
0.595699
-0.19509
-0.24298
0.634393
-0.903989
1
-0.903989
0.634393
-0.24298
-0.19509
0.595699
-0.881921
0.998795
-0.92388
0.671559
-0.290285
-0.14673
0.55557
-0.857729
0.995185
-0.941544
0.707107
-0.33689
-0.0980171
0.514103
-0.83147
0.989177
-0.95694
0.740951
-0.382683
-0.0490677
0.471397
-0.803208
0.980785
-0.970031
0.77301
-0.427555
0
0.427555
-0.77301
0.970031
-0.980785
0.803208
-0.471397
0.0490677
0.382683
-0.740951
0.95694
-0.989177
0.83147
-0.514103
0.0980171
0.33689
-0.707107
0.941544
-0.995185
0.857729
-0.55557
0.14673
0.290285
-0.671559
0.92388
-0.998795
0.881921
-0.595699
0.19509
0.24298
-0.634393
0.903989
-1
0.903989
-0.634393
0.24298
0.19509
-0.595699
0.881921
-0.998795
0.92388
-0.671559
0.290285
0.14673
-0.55557
0.857729
-0.995185
0.941544
-0.707107
0.33689
0.0980171
-0.514103
0.83147
-0.989177
0.95694
-0.740951
0.382683
0.0490677
-0.471397
0.803208
-0.980785
0.970031
-0.77301
0.427555
0
-0.427555
0.77301
-0.970031
0.980785
-0.803208
0.471397
-0.0490677
-0.382683
0.740951
-0.95694
0.989177
-0.83147
0.514103
-0.0980171
-0.33689
0.707107
-0.941544
0.995185
-0.857729
0.55557
-0.14673
-0.290285
0.671559
-0.92388
0.998795
-0.881921
0.595699
-0.19509
-0.24298
0.634393
-0.903989
1
-0.903989
0.634393
-0.24298
-0.19509
0.595699
-0.881921
0.998795
-0.92388
0.671559
-0.290285
-0.14673
0.55557
-0.857729
0.995185
-0.941544
0.707107
-0.33689
-0.0980171
0.514103
-0.83147
0.989177
-0.95694
0.740951
-0.382683
-0.0490677
0.471397
-0.803208
0.980785
-0.970031
0.77301
-0.427555
0
0.427555
-0.77301
0.970031
-0.980785
0.803208
-0.471397
0.0490677
0.382683
-0.740951
0.95694
-0.989177
0.83147
-0.514103
0.0980171
0.33689
-0.707107
0.941544
-0.995185
0.857729
-0.55557
0.14673
0.290285
-0.671559
0.92388
-0.998795
0.881921
-0.595699
0.19509
0.24298
-0.634393
0.903989
-1
0.903989
-0.634393
0.24298
0.19509
-0.595699
0.881921
-0.998795
0.92388
-0.671559
0.290285
0.14673
-0.55557
0.857729
-0.995185
0.941544
-0.707107
0.33689
0.0980171
-0.514103
0.83147
-0.989177
0.95694
-0.740951
0.382683
0.0490677
-0.471397
0.803208
-0.980785
0.970031
-0.77301
0.427555
0
-0.427555
0.77301
-0.970031
0.980785
-0.803208
0.471397
-0.0490677
-0.382683
0.740951
-0.95694
0.989177
-0.83147
0.514103
-0.0980171
-0.33689
0.707107
-0.941544
0.995185
-0.857729
0.55557
-0.14673
-0.290285
0.671559
-0.92388
0.998795
-0.881921
0.595699
-0.19509
-0.24298
0.634393
-0.903989
1
-0.903989
0.634393
-0.24298
-0.19509
0.595699
-0.881921
0.998795
-0.92388
0.671559
-0.290285
-0.14673
0.55557
-0.857729
0.995185
-0.941544
0.707107
-0.33689
-0.0980171
0.514103
-0.83147
0.989177
-0.95694
0.740951
-0.382683
-0.0490677
0.471397
-0.803208
0.980785
-0.970031
0.77301
-0.427555
0
0.427555
-0.77301
0.970031
-0.980785
0.803208
-0.471397
0.0490677
0.382683
-0.740951
0.95694
-0.989177
0.83147
-0.514103
0.0980171
0.33689
-0.707107
0.941544
-0.995185
0.857729
-0.55557
0.14673
0.290285
-0.671559
0.92388
-0.998795
0.881921
-0.595699
0.19509
0.24298
-0.634393
0.903989
-1
0.903989
-0.634393
0.24298
0.19509
-0.595699
0.881921
-0.998795
0.92388
-0.671559
0.290285
0.14673
-0.55557
0.857729
-0.995185
0.941544
-0.707107
0.33689
0.0980171
-0.514103
0.83147
-0.989177
0.95694
-0.740951
0.382683
0.0490677
-0.471397
0.803208
-0.980785
0.970031
-0.77301
0.427555
0
-0.427555
0.77301
-0.970031
0.980785
-0.803208
0.471397
-0.0490677
-0.382683
0.740951
-0.95694
0.989177
-0.83147
0.514103
-0.0980171
-0.33689
0.707107
-0.941544
0.995185
-0.857729
0.55557
-0.14673
-0.290285
0.671559
-0.92388
0.998795
-0.881921
0.595699
-0.19509
-0.24298
0.634393
-0.903989
1
-0.903989
0.634393
-0.24298
-0.19509
0.595699
-0.881921
0.998795
-0.92388
0.671559
-0.290285
-0.14673
0.55557
-0.857729
0.995185
-0.941544
0.707107
-0.33689
-0.0980171
0.514103
-0.83147
0.989177
-0.95694
0.740951
-0.382683
-0.0490677
0.471397
-0.803208
0.980785
-0.970031
0.77301
-0.427555
0
0.427555
-0.77301
0.970031
-0.980785
0.803208
-0.471397
0.0490677
0.382683
-0.740951
0.95694
-0.989177
0.83147
-0.514103
0.0980171
0.33689
-0.707107
0.941544
-0.995185
0.857729
-0.55557
0.14673
0.290285
-0.671559
0.92388
-0.998795
0.881921
-0.595699
0.19509
0.24298
-0.634393
0.903989
-1
0.903989
-0.634393
0.24298
0.19509
-0.595699
0.881921
-0.998795
0.92388
-0.671559
0.290285
0.14673
-0.55557
0.857729
-0.995185
0.941544
-0.707107
0.33689
0.0980171
-0.514103
0.83147
-0.989177
0.95694
-0.740951
0.382683
0.0490677
-0.471397
0.803208
-0.980785
0.970031
-0.77301
0.427555
0
-0.427555
0.77301
-0.970031
0.980785
-0.803208
0.471397
-0.0490677
-0.382683
0.740951
-0.95694
0.989177
-0.83147
0.514103
-0.0980171
-0.33689
0.707107
-0.941544
0.995185
-0.857729
0.55557
-0.14673
-0.290285
0.671559
-0.92388
0.998795
-0.881921
0.595699
-0.19509
-0.24298
0.634393
-0.903989
1
-0.903989
0.634393
-0.24298
-0.19509
0.595699
-0.881921
0.998795
-0.92388
0.671559
-0.290285
-0.14673
0.55557
-0.857729
0.995185
-0.941544
0.707107
-0.33689
-0.0980171
0.514103
-0.83147
0.989177
-0.95694
0.740951
-0.382683
-0.0490677
0.471397
-0.803208
0.980785
-0.970031
0.77301
-0.427555
0
0.427555
-0.77301
0.970031
-0.980785
0.803208
-0.471397
0.0490677
0.382683
-0.740951
0.95694
-0.989177
0.83147
-0.514103
0.0980171
0.33689
-0.707107
0.941544
-0.995185
0.857729
-0.55557
0.14673
0.290285
-0.671559
0.92388
-0.998795
0.881921
-0.595699
0.19509
0.24298
-0.634393
0.903989
-1
0.903989
-0.634393
0.24298
0.19509
-0.595699
0.881921
-0.998795
0.92388
-0.671559
0.290285
0.14673
-0.55557
0.857729
-0.995185
0.941544
-0.707107
0.33689
0.0980171
-0.514103
0.83147
-0.989177
0.95694
-0.740951
0.382683
0.0490677
-0.471397
0.803208
-0.980785
0.970031
-0.77301
0.427555
0
-0.427555
0.77301
-0.970031
0.980785
-0.803208
0.471397
-0.0490677
-0.382683
0.740951
-0.95694
0.989177
-0.83147
0.514103
-0.0980171
-0.33689
0.707107
-0.941544
0.995185
-0.857729
0.55557
-0.14673
-0.290285
0.671559
-0.92388
0.998795
-0.881921
0.595699
-0.19509
-0.24298
0.634393
-0.903989
1
-0.903989
0.634393
-0.24298
-0.19509
0.595699
-0.881921
0.998795
-0.92388
0.671559
-0.290285
-0.14673
0.55557
-0.857729
0.995185
-0.941544
0.707107
-0.33689
-0.0980171
0.514103
-0.83147
0.989177
-0.95694
0.740951
-0.382683
-0.0490677
0.471397
-0.803208
0.980785
-0.970031
0.77301
-0.427555
0
0.427555
-0.77301
0.970031
-0.980785
0.803208
-0.471397
0.0490677
0.382683
-0.740951
0.95694
-0.989177
0.83147
-0.514103
0.0980171
0.33689
-0.707107
0.941544
-0.995185
0.857729
-0.55557
0.14673
0.290285
-0.671559
0.92388
-0.998795
0.881921
-0.595699
0.19509
0.24298
-0.634393
0.903989
-1
0.903989
-0.634393
0.24298
0.19509
-0.595699
0.881921
-0.998795
0.92388
-0.671559
0.290285
0.14673
-0.55557
0.857729
-0.995185
0.941544
-0.707107
0.33689
0.0980171
-0.514103
0.83147
-0.989177
0.95694
-0.740951
0.382683
0.0490677
-0.471397
0.803208
-0.980785
0.970031
-0.77301
0.427555
0
-0.427555
0.77301
-0.970031
0.980785
-0.803208
0.471397
-0.0490677
-0.382683
0.740951
-0.95694
0.989177
-0.83147
0.514103
-0.0980171
-0.33689
0.707107
-0.941544
0.995185
-0.857729
0.55557
-0.14673
-0.290285
0.671559
-0.92388
0.998795
-0.881921
0.595699
-0.19509
-0.24298
0.634393
-0.903989
1
-0.903989
0.634393
-0.24298
-0.19509
0.595699
-0.881921
0.998795
-0.92388
0.671559
-0.290285
-0.14673
0.55557
-0.857729
0.995185
-0.941544
0.707107
-0.33689
-0.0980171
0.514103
-0.83147
0.989177
-0.95694
0.740951
-0.382683
-0.0490677
0.471397
-0.803208
0.980785
-0.970031
0.77301
-0.427555
0
0.427555
-0.77301
0.970031
-0.980785
0.803208
-0.471397
0.0490677
0.382683
-0.740951
0.95694
-0.989177
0.83147
-0.514103
0.0980171
0.33689
-0.707107
0.941544
-0.995185
0.857729
-0.55557
0.14673
0.290285
-0.671559
0.92388
-0.998795
0.881921
-0.595699
0.19509
0.24298
-0.634393
0.903989
-1
0.903989
-0.634393
0.24298
0.19509
-0.595699
0.881921
-0.998795
0.92388
-0.671559
0.290285
0.14673
-0.55557
0.857729
-0.995185
0.941544
-0.707107
0.33689
0.0980171
-0.514103
0.83147
-0.989177
0.95694
-0.740951
0.382683
0.0490677
-0.471397
0.803208
-0.980785
0.970031
-0.77301
0.427555
0
-0.427555
0.77301
-0.970031
0.980785
-0.803208
0.471397
-0.0490677
-0.382683
0.740951
-0.95694
0.989177
-0.83147
0.514103
-0.0980171
-0.33689
0.707107
-0.941544
0.995185
-0.857729
0.55557
-0.14673
-0.290285
0.671559
-0.92388
0.998795
-0.881921
0.595699
-0.19509
-0.24298
0.634393
-0.903989
1
-0.903989
0.634393
-0.24298
-0.19509
0.595699
-0.881921
0.998795
-0.92388
0.671559
-0.290285
-0.14673
0.55557
-0.857729
0.995185
-0.941544
0.707107
-0.33689
-0.0980171
0.514103
-0.83147
0.989177
-0.95694
0.740951
-0.382683
-0.0490677
0.471397
-0.803208
0.980785
-0.970031
0.77301
-0.427555
